 6.05825e-06
  6.37593e-06
  6.71028e-06
  7.06215e-06
  7.43247e-06
  7.82222e-06
  8.23239e-06
  8.66408e-06
  9.11841e-06
  9.59656e-06
  1.00998e-05
  1.06294e-05
  1.11868e-05
  1.17734e-05
  1.23908e-05
  1.30405e-05
  1.37243e-05
  1.44440e-05
  1.52014e-05
  1.59985e-05
  1.68375e-05
  1.77204e-05
  1.86496e-05
  1.96275e-05
  2.06568e-05
  2.17400e-05
  2.28800e-05
  2.40797e-05
  2.53424e-05
  2.66713e-05
  2.80699e-05
  2.95418e-05
  3.10909e-05
  3.27213e-05
  3.44371e-05
  3.62429e-05
  3.81434e-05
  4.01436e-05
  4.22486e-05
  4.44641e-05
  4.67957e-05
  4.94161e-05
  5.22518e-05
  5.52502e-05
  5.84207e-05
  6.17731e-05
  6.53179e-05
  6.90661e-05
  7.30294e-05
  7.72202e-05
  8.16513e-05
  8.63368e-05
  9.12912e-05
  9.65299e-05
  0.000102069
  0.000107926
  0.000114119
  0.000120668
  0.000127592
  0.000134914
  0.000142656
  0.000150842
  0.000159498
  0.000168651
  0.000178329
  0.000188562
  0.000199383
  0.000210824
  0.000222922
  0.000235714
  0.000249664
  0.000265568
  0.000282486
  0.000300481
  0.000319623
  0.000339985
  0.000361643
  0.000384681
  0.000409186
  0.000435253
  0.000462980
  0.000492474
  0.000523847
  0.000557218
  0.000604404
  0.000657702
  0.000715701
  0.000778813
  0.000847492
  0.000922226
   0.00100355
   0.00109205
   0.00118835
   0.00129429
   0.00143547
   0.00159206
   0.00176572
   0.00195834
   0.00217196
   0.00240888
   0.00267165
   0.00296308
   0.00330393
   0.00373829
   0.00422974
   0.00478581
   0.00541497
   0.00612686
   0.00693233
   0.00814010
   0.00984751
    0.0119131
    0.0144360
    0.0175284
    0.0212832
    0.0258422
    0.0336697
    0.0444562
    0.0586982
    0.0796044
     0.108962
     0.149147
     0.210894
     0.303603
     0.432504
     0.525924
     0.622860
     0.719403
     0.779025
     0.841545
     0.909082
     0.929810
     0.942952
     0.956281
     0.969797
     0.983505
     0.994823
     0.994823
     0.994823
     0.994823
     0.992085
     0.942320
     0.920017
     0.922862
     0.925717
     0.928579
     0.931451
     0.949838
      1.00000
     0.994823
     0.994823
     0.999999
     0.949837
     0.931451
     0.928579
     0.925717
     0.922862
     0.920017
     0.942320
     0.992085
     0.994823
     0.994823
     0.994823
     0.994823
     0.983505
     0.969797
     0.956281
     0.942952
     0.929810
     0.909083
     0.841546
     0.779026
     0.719402
     0.622859
     0.525923
     0.432504
     0.303603
     0.210894
     0.149147
     0.108962
    0.0796046
    0.0586983
    0.0444563
    0.0336696
    0.0258422
    0.0212831
    0.0175284
    0.0144360
    0.0119131
   0.00984751
   0.00814010
   0.00693233
   0.00612686
   0.00541498
   0.00478580
   0.00422974
   0.00373828
   0.00330393
   0.00296308
   0.00267165
   0.00240888
   0.00217196
   0.00195834
   0.00176573
   0.00159206
   0.00143547
   0.00129429
   0.00118835
   0.00109205
   0.00100355
  0.000922226
  0.000847492
  0.000778813
  0.000715701
  0.000657703
  0.000604404
  0.000557217
  0.000523846
  0.000492474
  0.000462980
  0.000435253
  0.000409186
  0.000384681
  0.000361643
  0.000339985
  0.000319623
  0.000300482
  0.000282486
  0.000265568
  0.000249664
  0.000235714
  0.000222922
  0.000210824
  0.000199383
  0.000188562
  0.000178329
  0.000168651
  0.000159498
  0.000150842
  0.000142656
  0.000134914
  0.000127592
  0.000120668
  0.000114119
  0.000107926
  0.000102069
  9.65299e-05
  9.12912e-05
  8.63369e-05
  8.16514e-05
  7.72201e-05
  7.30294e-05
  6.90661e-05
  6.53179e-05
  6.17731e-05
  5.84207e-05
  5.52502e-05
  5.22518e-05
  4.94161e-05
  4.67957e-05
  4.44641e-05
  4.22486e-05
  4.01436e-05
  3.81434e-05
  3.62429e-05
  3.44371e-05
  3.27213e-05
  3.10909e-05
  2.95418e-05
  2.80699e-05
  2.66713e-05
  2.53424e-05
  2.40797e-05
  2.28800e-05
  2.17400e-05
  2.06568e-05
  1.96275e-05
  1.86496e-05
  1.77204e-05
  1.68375e-05
  1.59985e-05
  1.52014e-05
  1.44440e-05
  1.37243e-05
  1.30405e-05
  1.23908e-05
  1.17734e-05
  1.11868e-05
  1.06294e-05
  1.00998e-05
  9.59656e-06
  9.11841e-06
  8.66409e-06
  8.23240e-06
  7.82221e-06
  7.43247e-06
  7.06215e-06
  6.71028e-06
  6.37593e-06
  6.05825e-06

